Webots Project File version R2023b
perspectives: 000000ff00000000fd00000002000000010000011c00000327fc0200000001fb0000001400540065007800740045006400690074006f0072010000001b000003270000003f00ffffff000000030000074a0000009efc0100000001fb0000001a0043006f006e0073006f006c00650041006c006c0041006c006c01000000000000074a0000006900ffffff0000062c0000032700000001000000020000000100000008fc00000000
simulationViewPerspectives: 000000ff000000010000000200000100000001370100000002010000000100
sceneTreePerspectives: 000000ff00000001000000030000001c000000c0000000fa0100000002010000000200
maximizedDockId: -1
centralWidgetVisible: 1
orthographicViewHeight: 1
textFiles: -1
consoles: Console:All:All
renderingDevicePerspectives: supervisor_robot:camera_dpt;1;0.479688;0.667026;0.15592
renderingDevicePerspectives: supervisor_robot:camera_rgb;1;0.479688;0.5469;0.0417332
