Webots Project File version R2023b
perspectives: 000000ff00000000fd000000010000000100000265000003c7fc0200000001fc0000001b000003c70000005e0100001efa000000000100000002fb0000001a0043006f006e0073006f006c00650041006c006c0041006c006c0100000000ffffffff0000006900fffffffb0000001400540065007800740045006400690074006f007201000008e40000011c0000007500ffffff00000519000003c700000001000000020000000100000008fc00000000
simulationViewPerspectives: 000000ff000000010000000200000121000002d60100000002010000000100
sceneTreePerspectives: 000000ff000000010000000300000025000000c0000000fa0100000002010000000200
maximizedDockId: -1
centralWidgetVisible: 1
orthographicViewHeight: 1
textFiles: -1
consoles: Console:All:All
renderingDevicePerspectives: supervisor_robot:camera_dpt;0;0.614062;0;0
renderingDevicePerspectives: supervisor_robot:camera_rgb;0;0.614062;0;0
